952503
952510
952511
952529
952530
952531
952532
952533
952534
952535
952536
952538
952553
952615
952628
952629
952632
952638
952663
952688
952693
952706
952707
952708
952709
952710
952735
952750
952765
952767
952773
952774
952781
952816
952820
952831
952832
952864
952872
952874
952875
952896
952897
952898
952908
952910
952911
952940
952946
952947
952979
952980
952987
953023
953048
953055
953057
953074
953080
953085
953092
953095
953096
953103
953119
953142
953153
953163
953194
953195
953196
953197
953198
953199
953200
953209
953218
953221
953224
953233
953236
953257
953264
953297
953307
953308
953316
953325
953364
953393
953395
953396
953403
953417
953436
953451
953452
953453
953459
953476
953484
953486
953489
953490
953491
953502
953537
953551
953588
953589
953590
953591
953592
953599
953601
953602
953604
953607
953621
953622
953623
953627
953647
953648
953649
953651
953656
953665
953667
953674
953677
953678
953685
953687
953704
953708
953709
953710
953721
953722
953726
953727
953733
953734
953740
953757
953758
953759
953764
953766
953767
953768
953770
953771
953772
953802
953806
953872
953883
953900
953902
953904
953909
953910
953927
953928
953931
953932
953933
953934
953935
953936
953946
953980
953981
954011
954012
954015
954016
954017
954019
954020
954026
954039
954040
954041
954047
954049
954051
954059
954061
954062
954063
954064
954065
954066
954067
954085
954101
954106
954107
954113
954117
954125
954126
954131
954132
954134
954135
954191
954196
954203
954211
954212
954214
954215
954216
954217
954218
954219
954229
954230
954231
954238
954239
954251
954257
954289
954291
954294
954295
954299
954322
954323
954325
954326
954327
954338
954363
954394
954399
954400
954402
954404
954411
954415
954446
954477
954481
954501
954516
954541
954542
954543
954552
954578
954604
954615
954617
954626
954651
954669
954676
954682
954683
954705
954706
954718
954722
954724
954726
954727
954728
954729
954730
954738
954740
954741
954744
954746
954748
954749
954753
954755
954758
954759
954760
954761
954763
954767
954768
954770
954771
954795
954811
954814
954815
954823
954826
954827
954829
954842
954847
954856
954869
954878
954879
954889
954890
954891
954896
954912
954913
954928
954954
954956
954988
954998
955000
955001
955002
955012
955016
955017
955018
955021
955028
955029
955031
955032
955040
955046
955049
955050
955051
955063
955066
955067
955068
955069
955070
955073
955077
955086
955087
955095
955121
955136
955143
955144
955179
955196
955201
955202
955206
955213
955214
955220
955234
955248
955250
955251
955255
955256
955260
955261
955262
955263
955266
955282
955283
955284
955296
955297
955299
955311
955313
955314
955316
955317
955319
955320
955323
955332
955335
955349
955350
955354
955355
955356
955358
955359
955363
955364
955372
955382
955383
955384
955387
955388
955390
955391
955392
955393
955394
955400
955413
955414
955422
955442
955443
955447
955448
955449
955457
955458
955463
955540
955544
955545
955546
955547
955549
955550
955551
955558
955559
955572
955577
955588
955593
955598
955599
955600
955618
955626
955630
955658
955660
955661
955662
955663
955664
955665
955666
955667
955668
955674
955686
955707
955728
955738
955746
955750
955752
955754
955755
955758
955759
955762
955768
955807
955810
955811
955812
955823
955824
955853
955854
955855
955856
955857
955858
955869
955878
955879
955888
955892
955911
955916
955922
955931
955932
955933
955934
955935
955937
955938
955939
955940
955943
955947
955953
955958
955959
955961
955962
955963
955964
955965
955970
955972
955974
955975
955976
955978
955980
955984
955985
955986
955998
956027
956032
956035
956038
956040
956041
956047
956048
956049
956050
956053
956099
956100
956106
956119
956120
956130
956131
956142
956143
956144
956145
956149
956150
956173
956179
956185
956197
956208
956220
956222
956226
956242
956243
956248
956249
956254
956255
956256
956258
956259
956260
956261
956262
956268
956278
956279
956280
956287
956309
956311
956312
956315
956325
956328
956331
956360
956367
956368
956375
956379
956380
956381
956382
956415
956416
956417
956418
956422
956423
956424
956428
956431
956439
956440
956441
956442
956443
956445
956446
956447
956448
956454
956455
956461
956471
956491
956499
956504
956529
956530
956541
956551
956557
956558
956568
956569
956581
956584
956600
956601
956603
956604
956606
956614
956624
956634
956639
956665
956673
956674
956684
956687
956691
956695
956699
956703
956704
956715
956723
956725
956742
956743
956745
956746
956760
956766
956767
956782
956789
956790
956795
956808
956826
956828
956829
956830
956832
956844
956846
956857
956859
956860
956861
956862
956863
956867
956873
956874
956876
956877
956878
956879
956880
956884
956886
956888
956902
956903
956905
956912
956917
956920
956921
956924
956937
956940
956943
956944
956961
956966
956967
956971
956974
956997
957029
957058
957059
957066
957075
957101
957102
957110
957111
957125
957130
957131
957132
957150
957151
957152
957154
957155
957156
957170
957171
957172
957173
957176
957185
957186
957187
957192
957193
957195
957197
957198
957200
957201
957210
957211
957212
957216
957228
957235
957243
957257
957258
957259
957267
957271
957272
957273
957274
957278
957279
957281
957289
957294
957297
957300
957310
957315
957316
957323
957336
957338
957347
957357
957358
957359
957360
957361
957362
957363
957364
957365
957367
957376
957387
957405
957423
957434
957435
957442
957443
957444
957451
957457
957458
957466
957468
957472
957474
957475
957477
957480
957485
957486
957492
957494
957497
957498
957499
957500
957504
957507
957511
957519
957523
957531
957535
957540
957554
957555
957559
957560
957569
957580
957581
957582
957600
957601
957602
957604
957607
957609
957618
957626
957632
957633
957638
957660
957666
957667
957671
957672
957678
957679
957702
957715
957723
957738
957754
957756
957757
957767
957787
957788
957791
957792
957800
957805
957811
957812
957816
957817
957828
957839
957842
957843
957854
957858
957866
957876
957890
957892
957893
957894
957897
957927
957928
957937
957938
957939
957940
957946
957959
957960
957970
957973
957974
957976
957978
957986
957992
957994
957995
957997
958008
958026
958027
958028
958043
958047
958060
958065
958086
958100
958103
958106
958107
958111
958116
958118
958119
958120
958122
958131
958134
958136
958139
958143
958144
958146
958154
958159
958164
958167
958178
958202
958203
958232
958233
958246
958251
958255
958256
958267
958268
958290
958291
958299
958301
958302
958303
958305
958312
958314
958315
958316
958317
958318
958320
958322
958323
958324
958325
958326
958336
958337
958339
958344
958350
958357
958361
958365
958377
958400
958420
958428
958433
958437
958444
958446
958449
958452
958464
958468
958471
958472
958481
958498
958499
958500
958501
958502
958509
958510
958511
958516
958519
958520
958523
958527
958529
958539
958554
958555
958556
958565
958567
958575
958577
958592
958594
958605
958630
958631
958638
958640
958646
958647
958648
958649
958650
958651
958654
958657
958658
958676
958681
958689
958693
958694
958695
958696
958711
958722
958723
958743
958747
958752
958753
958754
958755
958757
958762
958763
958767
958772
958783
958788
958789
958795
958796
958798
958801
958802
958815
958816
958818
958821
958837
958846
958857
958871
958872
958878
958879
958880
958881
958883
958884
958889
958890
958891
958894
958896
958897
958898
958922
958924
958932
958938
958943
958948
958952
958953
958958
958959
958960
958963
958964
958967
958974
958975
958983
958986
958991
958993
959001
959010
959011
959012
959013
959014
959015
959023
959026
959030
959031
959037
959038
959044
959101
959108
959111
959115
959127
959132
959135
959139
959140
959141
959149
959165
959180
959190
959199
959204
959208
959209
959211
959215
959216
959218
959222
959226
959227
959228
959229
959234
959253
959254
959263
959268
959269
959270
959271
959280
959281
959287
959288
959289
959299
959311
959312
959316
959335
959340
959341
959342
959343
959344
959345
959355
959365
959366
959367
959368
959370
959371
959372
959374
959382
959383
959384
959386
959387
959391
959404
959405
959406
959412
959420
959421
959423
959424
959459
959474
959477
959478
959486
959499
959501
959503
959511
959521
959528
959532
959533
959534
959535
959536
959538
959540
959553
959565
959566
959567
959586
959618
959624
959625
959626
959634
959660
959670
959675
959681
959682
959690
959698
959705
959706
959707
959713
959715
959734
959735
959736
959737
959738
959741
959742
959747
959765
959770
959773
959776
959793
959797
959804
959821
959822
959823
959824
959828
959830
959832
959833
959835
959840
959844
959854
959855
959869
959871
959878
959880
959882
959883
959884
959885
959892
959913
959956
959966
959967
959968
959969
959980
959981
960000
960005
960008
960009
960011
960012
960023
960024
960025
960026
960027
960030
960031
960035
960057
960071
960072
960082
960085
960088
960096
960100
960106
960110
960111
960112
960118
960125
960126
960132
960142
960143
960148
960149
960150
960151
960153
960154
960155
960158
960159
960178
960179
960180
960184
960185
960194
960195
960196
960197
960200
960204
960209
960210
960211
960213
960214
960215
960216
960219
960220
960230
960232
960279
960280
960281
960282
960283
960284
960286
960287
960289
960290
960292
960299
960308
960309
960321
960323
960326
960335
960338
960339
960344
960354
960363
960375
960377
960378
960379
960380
960381
960383
960388
960399
960400
960410
960415
960425
960431
960432
960433
960434
960435
960439
960441
960449
960453
960454
960455
960456
960466
960469
960485
960492
960500
960503
960504
960505
960506
960507
960508
960511
960512
960514
960523
960524
960526
960530
960539
960542
960543
960549
960550
960551
960552
960553
960586
960594
960597
960602
960603
960628
960634
960638
960641
960647
960652
960653
960663
960664
960666
960687
960694
960703
960706
960707
960711
960715
960731
960732
960738
960744
960749
960767
960768
960769
960789
960791
960800
960801
960802
960803
960806
960809
960819
960822
960831
960832
960834
960861
960864
960870
960878
960879
960880
960884
960886
960887
960900
960901
960904
960905
960912
960913
960914
960923
960936
960937
960940
960948
960966
960967
960968
960970
960973
960976
960984
960985
960987
960988
960989
960990
961008
961009
961012
961013
961016
961022
961025
961033
961034
961037
961040
961047
961059
961063
961065
961067
961070
961071
961073
961074
961075
961076
961077
961080
961082
961084
961085
961087
961088
961091
961092
961093
961096
961097
961099
961100
961101
961102
961103
961104
961105
961106
961111
961114
961123
961130
961138
961139
961140
961141
961142
961150
961151
961154
961162
961170
961171
961173
961176
961177
961185
961186
961187
961189
961203
961204
961209
961211
961212
961222
961223
961224
961225
961226
961228
961230
961239
961240
961264
961269
961286
961287
961291
961292
961297
961301
961305
961306
961307
961309
961310
961323
961329
961332
961333
961342
961348
961366
961370
961371
961388
961391
961420
961427
961443
961470
961474
961496
961505
961506
961546
961547
961548
961562
961567
961568
961569
961570
961571
961577
961602
961603
961609
961611
961615
961616
961619
961620
961621
961622
961623
961624
961626
961627
961634
961637
961638
961646
961648
961650
961657
961672
961680
961686
961712
961718
961719
961724
961730
961731
961738
961744
961765
961779
961780
961782
961787
961798
961818
961825
961848
961863
961879
961880
961887
961888
961889
961895
961918
961922
961942
961960
961972
961973
961981
961985
962000
962007
962009
962021
962025
962031
962036
962037
962038
962040
962044
962054
962060
962061
962069
962070
962083
962092
962094
962095
962096
962097
962108
962109
962110
962111
962116
962120
962121
962122
962123
962130
962131
962133
962134
962135
962137
962138
962145
962173
962176
962192
962202
962219
962222
962223
962224
962225
962237
962238
962239
962241
962244
962245
962257
962260
962262
962263
962266
962272
962292
962293
962299
962300
962303
962304
962305
962307
962310
962312
962316
962331
962334
962335
962336
962337
962338
962340
962341
962344
962346
962347
962348
962351
962359
962362
962363
962366
962367
962389
962390
962391
962392
962393
962394
962400
962404
962405
962406
962407
962408
962431
962438
962440
962448
962451
962462
962468
962486
962488
962489
962490
962498
962499
962501
962502
962528
962535
962538
962539
962541
962546
962552
962553
962574
962577
962580
962606
962608
962609
962622
962629
962637
962657
962668
962686
962690
962691
962694
962697
962698
962706
962713
962714
962715
962739
962740
962745
962747
962748
962754
962776
962786
962787
962788
962793
962794
962795
962796
962798
962807
962808
962820
962821
962822
962825
962827
962828
962829
962830
962831
962832
962833
962834
962835
962836
962837
962838
962839
962840
962842
962843
962844
962845
962846
962847
962848
962849
962850
962851
962852
962853
962854
962855
962856
962858
962859
962860
962861
962862
962864
962865
962866
962867
962869
962878
962889
962903
962914
962915
962926
962933
962964
962965
962977
962987
962991
962992
963010
963016
963037
963048
963049
963068
963071
963072
963073
963076
963077
963083
963084
963088
963089
963097
963115
963116
963120
963121
963122
963138
963150
963157
963159
963171
963172
963191
963192
963193
963194
963206
963209
963210
963214
963224
963235
963241
963246
963253
963256
963258
963278
963279
963280
963316
963318
963319
963320
963322
963327
963328
963330
963340
963342
963346
963347
963349
963365
963374
963383
963391
963394
963395
963413
963416
963418
963424
963433
963443
963444
963445
963457
963479
963480
963481
963482
963485
963488
963489
963491
963492
963498
963501
963502
963503
963508
963522
963524
963529
963552
963563
963569
963576
963577
963580
963583
963588
963589
963593
963594
963595
963596
963604
963606
963608
963609
963615
963616
963617
963618
963619
963621
963642
963643
963644
963650
963652
963654
963673
963675
963676
963689
963690
963691
963694
963700
963708
963713
963715
963716
963717
963719
963735
963737
963742
963744
963759
963763
963766
963767
963768
963769
963770
963773
963788
963809
963810
963822
963823
963824
963826
963828
963829
963834
963842
963847
963852
963860
963861
963884
963886
963887
963888
963889
963891
963895
963898
963902
963903
963906
963907
963910
963913
963932
963934
963940
963946
963953
963954
963956
963961
963975
963982
963988
963989
963990
964014
964022
964029
964033
964034
964050
964051
964053
964054
964058
964059
964063
964065
964070
964077
964078
964087
964092
964095
964100
964108
964111
964115
964116
964117
964118
964120
964123
964124
964125
964127
964128
964129
964130
964132
964136
964140
964154
964155
964156
964157
964158
964159
964160
964175
964177
964183
964202
964203
964211
964235
964240
964241
964249
964250
964261
964263
964268
964269
964279
964286
964296
964297
964298
964301
964309
964318
964320
964321
964324
964334
964342
964346
964347
964348
964349
964350
964361
964371
964383
964390
964402
964411
964422
964429
964430
964435
964436
964437
964442
964443
964450
964451
964452
964453
964454
964455
964464
964465
964469
964477
964480
964494
964499
964500
964501
964514
964529
964545
964546
964553
964570
964574
964576
964584
964602
964603
964604
964617
964621
964632
964639
964640
964644
964648
964664
964665
964667
964686
964687
964688
964689
964690
964692
964707
964719
964721
964725
964728
964740
964743
964750
964762
964768
964772
964817
964820
964834
964835
964837
964840
964866
964868
964869
964870
964877
964885
964893
964902
964903
964907
964928
964937
964941
964952
964960
964961
964963
964970
964971
964981
964992
965001
965003
965026
965033
965068
965072
965076
965080
965085
965086
965090
965094
965095
965098
965105
965106
965107
965116
965125
965154
965167
965180
965182
965184
965188
965190
965191
965193
965198
965202
965205
965218
965219
965232
965238
965239
965252
965255
965258
965259
965261
965262
965263
965276
965277
965281
965299
965301
965305
965306
965308
965329
965330
965335
965336
965342
965343
965344
965345
965350
965371
965382
965384
965386
965388
965390
965392
965393
965394
965405
965406
965407
965408
965409
965415
965416
965418
965419
965451
965452
965453
965454
965455
965464
965471
965501
965511
965515
965531
965532
965534
965535
965544
965553
965567
965572
965577
965579
965580
965581
965587
965591
965622
965627
965628
965636
965641
965649
965652
965657
965669
965670
965671
965672
965683
965684
965686
965687
965688
965701
965705
965709
965711
965746
965747
965749
965750
965766
965771
965772
965774
965791
965807
965808
965813
965814
965846
965849
965853
965866
965870
965871
965872
965888
965894
965895
965896
965897
965912
965918
965939
965944
965949
965954
965976
965977
965986
966007
966008
966015
966034
966035
966036
966037
966044
966045
966046
966047
966053
966063
966064
966066
966083
966089
966090
966097
966098
966113
966114
966115
966116
966125
966126
966135
966150
966152
966161
966164
966172
966173
966174
966176
966177
966179
966180
966181
966182
966183
966189
966236
966247
966266
966270
966271
966277
966278
966281
966282
966283
966289
966298
966302
966303
966304
966305
966306
966307
966320
966321
966322
966334
966342
966354
966356
966358
966359
966360
966361
966375
966376
966378
966379
966380
966381
966386
966388
966390
966391
966398
966399
966400
966407
966408
966409
966412
966414
966417
966424
966434
966437
966438
966439
966444
966445
966446
966447
966460
966469
966480
966483
966495
966500
966503
966514
966515
966516
966517
966518
966534
966537
966538
966539
966540
966543
966549
966550
966551
966552
966553
966580
966589
966611
966655
966677
966678
966683
966692
966693
966697
966708
966709
966710
966712
966713
966729
966730
966731
966733
966734
966735
966736
966740
966741
966743
966746
966747
966748
966749
966750
966752
966765
966767
966768
966770
966771
966773
966805
966806
966808
966814
966823
966824
966825
966840
966847
966848
966849
966850
966851
966852
966853
966859
966860
966862
966866
966874
966875
966883
966885
966887
966888
966894
966907
966916
966926
966929
966954
966956
966958
966959
966960
966961
966962
966971
966972
966973
966980
966981
966999
967041
967045
967075
967076
967077
967079
967080
967081
967094
967096
967126
967127
967131
967147
967176
967177
967178
967180
967182
967184
967186
967188
967189
967219
967238
967241
967242
967255
967263
967265
967269
967270
967281
967299
967300
967307
967308
967309
967317
967323
967338
967340
967346
967370
967375
967378
967379
967380
967382
967389
967390
967391
967396
967397
967398
967399
967422
967424
967425
967429
967440
967441
967451
967454
967455
967456
967457
967458
967459
967467
967470
967474
967479
967501
967510
967524
967531
967533
967534
967539
967548
967549
967554
967559
967588
967589
967596
967606
967610
967611
967613
967619
967620
967621
967623
967647
967654
967656
967674
967677
967678
967679
967680
967685
967699
967700
967701
967702
967703
967704
967707
967713
967737
967742
967743
967756
967779
967806
967809
967811
967812
967820
967826
967846
967879
967891
967899
967910
967911
967949
967950
967953
967966
967967
967978
967979
967985
967987
967988
968017
968019
968021
968042
968043
968050
968054
968056
968059
968060
968061
968062
968063
968066
968069
968074
968075
968076
968077
968082
968093
968108
968136
968142
968143
968144
968145
968146
968156
968157
968159
968168
968169
968178
968179
968191
968193
968194
968196
968197
968214
968216
968220
968226
968228
968229
968230
968231
968255
968259
968265
968286
968293
968296
968297
968299
968322
968323
968324
968327
968329
968336
968337
968338
968339
968340
968341
968347
968352
968353
968358
968359
968360
968370
968371
968372
968374
968375
968376
968382
968388
968400
968411
968429
968442
968444
968447
968451
968467
968493
968499
968500
968501
968502
968503
968504
968515
968518
968519
968520
968522
968523
968532
968533
968534
968538
968541
968543
968548
968549
968581
968592
968593
968622
968629
968630
968631
968632
968634
968635
968657
968668
968676
968680
968682
968683
968685
968688
968689
968694
968697
968698
968699
968703
968704
968721
968744
968758
968768
968770
968773
968776
968789
968791
968792
968804
968811
968812
968813
968814
968815
968816
968817
968829
968830
968836
968837
968847
968849
968850
968856
968861
968862
968884
968885
968886
968888
968889
968892
968902
968909
968920
968921
968924
968925
968926
968929
968930
968931
968932
968934
968935
968942
968943
968945
968947
968952
968956
968957
968958
968959
968960
968985
968989
968990
968991
969011
969021
969026
969033
969040
969043
969051
969060
969068
969071
969072
969082
969083
969084
969085
969086
969087
969088
969089
969091
969093
969102
969126
969133
969136
969142
969145
969148
969149
969156
969172
969198
969201
969203
969204
969205
969208
969209
969210
969211
969215
969217
969220
969225
969226
969227
969258
969260
969261
969268
969271
969272
969273
969279
969287
969290
969296
969299
969308
969310
969311
969324
969327
969334
969338
969341
969342
969346
969347
969357
969358
969360
969364
969367
969368
969371
969373
969375
969378
969380
969381
969382
969384
969386
969388
969389
969400
969401
969402
969420
969421
969424
969425
969436
969438
969439
969441
969442
969453
969459
969461
969463
969474
969476
969477
969479
969487
969492
969495
969499
969500
969501
969502
969503
969518
969519
969532
969548
969550
969551
969552
969553
969554
969555
969558
969564
969565
969566
969571
969578
969588
969589
969590
969591
969599
969613
969616
969620
969624
969638
969639
969651
969652
969656
969657
969661
969666
969670
969677
969679
969683
969685
969707
969719
969720
969723
969724
969725
969726
969727
969729
969737
969746
969749
969750
969751
969755
969756
969758
969759
969767
969770
969771
969772
969773
969774
969775
969816
969817
969824
969827
969832
969833
969842
969866
969867
969870
969871
969882
969903
969923
969927
969937
969948
969949
969957
969958
969967
969969
969970
969984
969985
969986
969993
970002
970023
970032
970051
970052
970060
970085
970103
970120
970129
970130
970140
970152
970153
970155
970156
970166
970178
970184
970190
970192
970195
970196
970200
970201
970209
970210
970211
970215
970217
970218
970219
970226
970229
970234
970290
970292
970294
970295
970296
970297
970298
970299
970301
970320
970321
970329
970330
970331
970338
970341
970346
970356
970368
970382
970386
970393
970394
970395
970398
970399
970400
970405
970408
970409
970420
970427
970429
970430
970432
970433
970434
970446
970447
970456
970461
970463
970473
970482
970484
970485
970486
970488
970504
970509
970512
970514
970530
970535
970536
970541
970548
970553
970559
970566
970574
970575
970582
970601
970605
970650
970662
970664
970667
970685
970686
970687
970688
970693
970695
970699
970720
970725
970729
970730
970731
970732
970733
970734
970766
970775
970779
970781
970787
970792
970800
970808
970809
970811
970813
970814
970815
970816
970822
970825
970849
970860
970861
970863
970871
970872
970873
970878
970879
970880
970881
970882
970897
970903
970908
970909
970913
970919
970920
970924
970925
970945
970960
970971
970972
970994
971001
971006
971008
971009
971011
971012
971036
971037
971045
971046
971047
971052
971065
971066
971067
971091
971098
971099
971106
971113
971127
971143
971149
971155
971159
971169
971182
971213
971216
971223
971224
971225
971226
971228
971229
971230
971231
971251
971254
971256
971257
971259
971260
971261
971281
971282
971305
971308
971309
971321
971322
971323
971331
971333
971334
971335
971336
971337
971359
971369
971377
971385
971393
971394
971395
971397
971405
971416
971440
971450
971467
971468
971469
971470
971471
971472
971475
971476
971477
971478
971485
971498
971499
971500
971501
971506
971507
971516
971546
971547
971548
971555
971561
971574
971575
971592
971595
971606
971607
971610
971620
971621
971622
971623
971624
971632
971637
971638
971639
971641
971644
971646
971647
971660
971661
971662
971663
971666
971667
971673
971674
971675
971709
971715
971716
971717
971718
971719
971720
971721
971722
971723
971725
971728
971729
971731
971732
971733
971734
971736
971737
971740
971742
971745
971760
971792
971798
971804
971809
971810
971811
971833
971836
971837
971838
971839
971840
971841
971842
971843
971844
971875
971887
971900
971910
971911
971912
971926
971928
971941
971942
971945
971952
971965
971966
971980
971986
972005
972020
972023
972025
972026
972033
972034
972040
972045
972046
972047
972058
972059
972061
972082
972083
972084
972089
972090
972091
972092
972093
972094
972095
972100
972103
972104
972110
972114
972117
972122
972125
972131
972135
972146
972148
972150
972151
972152
972153
972155
972156
972158
972159
972161
972165
972166
972170
972171
972172
972173
972177
972178
972179
972180
972181
972186
972188
972191
972192
972193
972194
972198
972199
972200
972201
972203
972207
972208
972210
972211
972212
972214
972219
972220
972221
972225
972231
972232
972233
972237
972244
972245
972246
972247
972249
972250
972253
972254
972258
972259
972261
972268
972271
972272
972274
972275
972278
972280
972281
972284
972285
972287
972288
972294
972296
972297
972300
972306
972307
972308
972309
972310
972312
972313
972314
972317
972318
972319
972320
972321
972326
972328
972329
972330
972333
972338
972339
972342
972351
972352
972356
972357
972360
972362
972364
972377
972378
972381
972382
972385
972386
972387
972388
972393
972394
972396
972399
972409
972412
972415
972416
972417
972418
972419
972423
972424
972425
972426
972427
972428
972431
972438
972439
972448
972449
972450
972452
972454
972455
972458
972459
972463
972464
972465
972466
972469
972471
972475
972476
972477
972478
972480
972481
972482
972485
972486
972487
972488
972489
972490
972491
972493
972494
972497
972498
972502
972503
972504
972505
972506
972507
972508
972509
972521
972522
972523
972528
972530
972532
972545
972548
972549
972554
972555
972556
972568
972569
972574
972575
972576
972577
972578
972579
972580
972583
972587
972591
972594
972598
972599
972601
972608
972609
972610
972611
972613
972617
972618
972622
972632
972642
972646
972650
972652
972653
972654
972657
972658
972659
972660
972663
972664
972669
972670
972671
972672
972674
972676
972677
972678
972680
972681
972682
972683
972684
972685
972686
972687
972688
972689
972692
972693
972694
972695
972697
972698
972699
972700
972701
972704
972705
972706
972707
972708
972710
972711
972712
972716
972717
972719
972723
972724
972725
972729
972731
972740
972741
972742
972747
972748
972753
972754
972764
972765
972766
972769
972770
972771
972772
972774
972776
972779
972780
972784
972788
972790
972793
972796
972797
972798
972799
972805
972807
972808
972810
972813
972814
972815
972816
972818
972819
972820
972822
972823
972824
972830
972835
972841
972846
972847
972850
972851
972852
972853
972854
972856
972857
972858
972859
972860
972861
972862
972863
972864
972865
972866
972867
972874
972875
972876
972877
972878
972882
972883
972885
972886
972888
972889
972890
972894
972897
972898
972901
972902
972907
972911
972912
972913
972914
972915
972916
972917
972918
972920
972921
972922
972923
972924
972933
972934
972935
972938
972939
972946
972947
972949
972950
972951
972952
972953
972954
972955
972956
972958
972964
972973
972974
972976
972992
972994
972997
972999
973000
973001
973002
973003
973005
973008
973011
973012
973013
973014
973015
973017
973018
973020
973021
973032
973043
973044
973057
973058
973059
973060
973063
973066
973072
973073
973075
973078
973080
973082
973083
973084
973086
973088
973090
973092
973093
973094
973095
973096
973097
973098
973099
973100
973103
973119
973122
973124
973126
973129
973130
973131
973132
973133
973134
973135
973137
973143
973150
973151
973152
973153
973154
973162
973168
973180
973183
973185
973188
973192
973194
973196
973197
973198
973202
973204
973209
973210
973212
973219
973220
973223
973228
973229
973234
973237
973238
973239
973240
973241
973243
973248
973251
973252
973255
973256
973258
973260
973261
973263
973269
973281
973285
973291
973293
973294
973295
973296
973299
973304
973305
973306
973307
973312
973314
973317
973321
973323
973327
973330
973339
973345
973353
973354
973355
973362
973363
973386
973387
973390
973426
973433
973434
973445
973451
973453
973454
973456
973457
973464
973467
973474
973475
973481
973486
973495
973496
973500
973506
973507
973511
973513
973514
973515
973518
973519
973521
973522
973528
973529
973530
973533
973534
973535
973536
973537
973538
973557
973558
973559
973566
973567
973568
973578
973583
973592
973600
973601
973602
973612
973615
973616
973617
973620
973625
973626
973634
973644
973648
973649
973660
973662
973663
973664
973665
973666
973667
973677
973678
973679
973680
973681
973686
973687
973694
973695
973696
973697
973698
973701
973706
973707
973708
973710
973711
973712
973715
973716
973719
973720
973721
973722
973723
973724
973725
973728
973734
973740
973745
973748
973752
973754
973755
973764
973766
973767
973768
973770
973773
973774
973776
973777
973778
973779
973780
973781
973782
973783
973784
973786
973787
973801
973809
973824
973825
973826
973828
973838
973847
973851
973852
973853
973854
973857
973858
973860
973862
973863
973864
973866
973867
973868
973874
973875
973907
973917
973919
973944
973959
973961
973962
973963
973965
973984
974001
974004
974008
974014
974018
974020
974021
974030
974038
974039
974051
974056
974063
974078
974081
974082
974083
974084
974092
974107
974112
974113
974114
974115
974116
974117
974118
974119
974121
974128
974129
974130
974132
974137
974139
974142
974148
974162
974164
974172
974173
974178
974182
974186
974192
974201
974202
974211
974213
974215
974219
974220
974227
974232
974233
974234
974250
974251
974252
974260
974261
974264
974265
974273
974274
974278
974280
974289
974290
974293
974300
974302
974303
974304
974305
974311
974314
974317
974318
974335
974336
974360
974374
974392
974396
974397
974410
974417
974422
974424
974425
974429
974450
974451
974458
974459
974467
974472
974473
974476
974479
974482
974490
974491
974495
974496
974511
974512
974513
974514
974518
974523
974524
974527
974529
974530
974535
974536
974537
974538
974546
974549
974550
974552
974555
974566
974567
974568
974569
974573
974576
974577
974580
974589
974590
974600
974604
974610
974611
974612
974614
974615
974617
974618
974619
974620
974621
974623
974624
974625
974626
974628
974636
974640
974642
974654
974665
974669
974670
974678
974679
974682
974685
974687
974689
974690
974701
974708
974710
974713
974714
974716
974738
974756
974770
974771
974775
974779
974780
974785
974801
974821
974823
974836
974837
974839
974845
974854
974856
974857
974861
974862
974866
974867
974868
974869
974870
974871
974872
974874
974877
974878
974879
974881
974885
974886
974887
974889
974896
974913
974914
974917
974918
974921
974922
974924
974928
974934
974939
974942
974959
974969
974972
974978
974980
974981
974989
974992
974999
975008
975015
975016
975017
975018
975019
975020
975024
975029
975031
975038
975046
975055
975063
975064
975074
975081
975092
975093
975094
975095
975097
975098
975099
975100
975109
975148
975149
975150
975151
975152
975153
975154
975155
975157
975158
975159
975160
975161
975163
975185
975190
975196
975210
975215
975221
975226
975227
975228
975229
975230
975232
975233
975239
975256
975261
975266
975267
975273
975274
975275
975282
975283
975288
975289
975302
975315
975328
975333
975334
975350
975351
975356
975357
975360
975361
975362
975363
975364
975365
975366
975367
975368
975369
975370
975371
975372
975375
975376
975381
975382
975386
975387
975388
975391
975398
975401
975405
975408
975409
975412
975421
975422
975428
975440
975441
975442
975443
975444
975445
975446
975447
975448
975449
975450
975451
975452
975457
975458
975459
975462
975463
975464
975465
975466
975468
975474
975475
975487
975504
975505
975514
975515
975529
975534
975545
975546
975549
975550
975553
975563
975564
975566
975568
975571
975572
975574
975575
975576
975577
975578
975587
975589
975590
975591
975592
975594
975595
975596
975597
975599
975600
975606
975607
975608
975609
975610
975615
975617
975618
975628
975629
975632
975649
975671
975672
975673
975674
975675
975677
975683
975684
975685
975700
975701
975706
975711
975715
975716
975720
975723
975727
975729
975730
975741
975745
975746
975747
975748
975749
975752
975757
975759
975760
975772
975791
975795
975805
975812
975813
975814
975815
975816
975818
975820
975824
975826
975828
975830
975831
975834
975837
975838
975846
975847
975849
975851
975852
975853
975854
975856
975864
975865
975874
975879
975880
975903
975904
975905
975911
975912
975913
975914
975924
975928
975929
975930
975931
975932
975933
975934
975935
975936
975937
975938
975940
975941
975945
975947
975948
975951
975952
975954
975956
975959
975960
975961
975965
975970
975971
975978
975979
975980
975983
975985
975989
975990
975993
975997
976002
976003
976009
976010
976019
976021
976030
976031
976033
976034
976035
976037
976039
976048
976050
976051
976052
976056
976068
976075
976077
976078
976089
976092
976100
976101
976103
976104
976114
976117
976122
976123
976132
976144
976165
976166
976167
976176
976177
976180
976181
976182
976184
976185
976193
976194
976204
976206
976207
976208
976209
976210
976211
976212
976213
976220
976226
976231
976251
976253
976271
976276
976277
976282
976300
976308
976312
976314
976315
976316
976317
976319
976320
976321
976324
976330
976332
976335
976336
976345
976352
976358
976359
976362
976376
976381
976388
976391
976407
976410
976414
976415
976427
976428
976429
976431
976432
976433
976437
976439
976440
976441
976442
976449
976450
976456
976458
976464
976470
976478
976480
976482
976483
976484
976513
976524
976525
976526
976537
976552
976564
976567
976570
976576
976577
976578
976579
976580
976582
976583
976584
976599
976600
976601
976602
976603
976627
976630
976650
976651
976665
976675
976683
976685
976686
976687
976694
976695
976696
976698
976703
976704
976707
976708
976709
976712
976735
976736
976745
976746
976757
976759
976761
976762
976779
976780
976781
976782
976796
976797
976802
976814
976817
976818
976832
976836
976843
976846
976856
976859
976861
976866
976867
976871
976872
976873
976874
976876
976877
976880
976899
976900
976902
976905
976917
976918
976932
976945
976953
976959
976988
977003
977014
977016
977017
977018
977019
977021
977030
977031
977032
977033
977037
977038
977039
977040
977041
977050
977056
977064
977074
977075
977079
977081
977082
977083
977085
977087
977088
977089
977091
977102
977103
977109
977146
977148
977150
977159
977161
977163
977165
977167
977169
977178
977180
977182
977183
977184
977185
977186
977188
977191
977195
977196
977204
977206
977211
977220
977223
977237
977238
977240
977248
977249
977250
977251
977253
977255
977256
977257
977258
977263
977265
977266
977280
977281
977288
977290
977307
977308
977310
977312
977313
977317
977334
977335
977340
977349
977355
977356
977367
977376
977377
977378
977379
977395
977396
977397
977398
977400
977401
977402
977403
977408
977414
977422
977423
977426
977427
977428
977438
977454
977462
977465
977466
977498
977500
977503
977516
977520
977527
977529
977530
977531
977533
977534
977536
977547
977548
977549
977553
977564
977565
977566
977567
977577
977578
977582
977586
977592
977593
977603
977606
977607
977608
977614
977616
977618
977619
977622
977637
977638
977639
977640
977641
977642
977643
977646
977647
977653
977658
977661
977664
977665
977666
977686
977708
977712
977720
977721
977728
977739
977740
977743
977745
977753
977754
977759
977763
977771
977792
977807
977819
977826
977839
977843
977864
977865
977866
977867
977868
977869
977870
977875
977880
977888
977891
977893
977907
977911
977912
977914
977915
977917
977918
977920
977921
977926
977927
977929
977930
977931
977932
977933
977934
977935
977936
977937
977938
977939
977943
977945
977947
977948
977949
977950
977957
977958
977960
977969
977970
977972
977973
977975
977977
977978
977979
977980
977981
977982
977983
977985
977986
977987
977989
977990
977991
977997
977998
977999
978000
978001
978002
978004
978005
978006
978007
978013
978016
978024
978026
978028
978038
978039
978041
978044
978054
978060
978061
978065
978067
978068
978073
978074
978075
978077
978081
978082
978091
978092
978095
978096
978097
978100
978101
978102
978105
978106
978114
978116
978117
978127
978133
978139
978153
978167
978168
978169
978170
978171
978172
978174
978175
978176
978181
978182
978186
978190
978191
978192
978193
978198
978211
978233
978238
978239
978240
978241
978243
978246
978247
978248
978251
978254
978256
978264
978265
978266
978267
978268
978280
978281
978282
978286
978291
978302
978305
978315
978316
978317
978349
978350
978352
978353
978354
978406
978416
978419
978442
978443
978454
978456
978457
978458
978461
978476
978478
978481
978482
978483
978484
978511
978515
978516
978524
978525
978526
978537
978538
978541
978546
978565
978566
978567
978568
978584
978587
978590
978591
978596
978599
978605
978607
978608
978620
978621
978622
978623
978626
978630
978656
978657
978661
978664
978665
978668
978674
978675
978676
978678
978686
978697
978698
978699
978700
978701
978704
978719
978720
978722
978729
978732
978735
978736
978741
978746
978756
978762
978763
978770
978775
978776
978777
978780
978785
978809
978827
978834
978836
978837
978838
978841
978842
978844
978845
978847
978848
978849
978850
978851
978854
978855
978868
978871
978875
978878
978882
978883
978884
978888
978889
978904
978908
978913
978922
978923
978940
978941
978942
978945
978951
978952
978966
978967
978969
978972
978974
978975
978988
978999
979010
979029
979032
979037
979044
979058
979060
979061
979062
979066
979067
979073
979075
979080
979081
979087
979088
979097
979099
979104
979105
979106
979107
979108
979109
979131
979140
979166
979172
979175
979180
979182
979184
979186
979187
979191
979196
979201
979202
979203
979204
979205
979206
979207
979215
979216
979218
979222
979229
979230
979248
979249
979252
979253
979255
979261
979268
979269
979270
979277
979307
979310
979333
979338
979339
979340
979341
979342
979343
979366
979369
979371
979377
979379
979381
979383
979384
979386
979388
979390
979400
979418
979425
979434
979435
979436
979444
979446
979447
979448
979449
979450
979451
979453
979454
979455
979456
979457
979479
979480
979481
979488
979490
979492
979501
979502
979503
979504
979518
979520
979526
979527
979539
979561
979566
979568
979569
979570
979573
979575
979576
979577
979581
979582
979588
979589
979590
979615
979616
979623
979624
979625
979626
979627
979628
979629
979630
979649
979659
979664
979665
979672
979678
979686
979691
979694
979701
979707
979718
979731
979732
979733
979734
979742
979762
979763
979764
979778
979781
979783
979784
979785
979789
979795
979797
979798
979799
979800
979803
979806
979808
979814
979821
979827
979829
979830
979832
979846
979848
979861
979862
979864
979865
979867
979869
979877
979879
979888
979896
979899
979900
979906
979919
979924
979925
979926
979930
979932
979933
979934
979935
979938
979940
979941
979942
979943
979944
979953
979977
979985
979994
979995
980008
980009
980017
980026
980034
980035
980036
980037
980040
980041
980042
980044
980045
980047
980055
980058
980066
980067
980068
980070
980077
980078
980079
980080
980082
980088
980089
980091
980093
980094
980097
980098
980108
980109
980110
980113
980114
980116
980117
980128
980129
980132
980136
980139
980144
980145
980146
980147
980159
980167
980168
980173
980182
980185
980186
980188
980196
980198
980200
980208
980209
980218
980219
980220
980232
980233
980234
980239
980240
980241
980243
980256
980261
980262
980263
980265
980266
980268
980281
980285
980290
980292
980298
980304
980312
980343
980354
980356
980357
980358
980361
980365
980366
980367
980369
980370
980381
980385
980386
980398
980401
980407
980408
980409
980417
980420
980426
980427
980433
980440
980446
980447
980448
980452
980460
980461
980462
980464
980472
980484
980486
980526
980528
980531
980539
980549
980550
980552
980553
980554
980555
980557
980558
980559
980560
980561
980562
980565
980568
980569
980573
980576
980581
980587
980588
980590
980593
980599
980601
980602
980603
980604
980605
980606
980607
980610
980616
980617
980621
980627
980631
980640
980646
980658
980659
980670
980672
980678
980680
980686
980692
980693
980710
980711
980712
980713
980730
980731
980734
980746
980748
980750
980770
980779
980781
980782
980783
980784
980785
980789
980790
980791
980792
980793
980794
980795
980796
980798
980803
980806
980828
980831
980832
980834
980855
980866
980867
980869
980874
980876
980893
980914
980916
980917
980918
980919
980925
980931
980934
980941
980944
980945
980960
980977
980978
980982
980986
980987
980988
980989
980991
980992
980993
980994
981001
981011
981012
981022
981023
981024
981045
981048
981050
981067
981069
981076
981084
981093
981095
981098
981100
981106
981107
981108
981123
981128
981136
981140
981141
981157
981160
981170
981172
981173
981175
981176
981177
981178
981190
981202
981203
981206
981207
981209
981233
981235
981249
981254
981255
981258
981270
981272
981278
981279
981282
981291
981300
981301
981313
981320
981321
981322
981325
981326
981327
981328
981329
981330
981331
981332
981333
981343
981344
981345
981346
981347
981349
981350
981358
981360
981367
981375
981382
981393
981394
981398
981400
981405
981406
981409
981410
981411
981412
981413
981414
981423
981425
981428
981429
981450
981453
981465
981470
981476
981477
981478
981480
981482
981501
981504
981514
981515
981516
981523
981524
981527
981528
981540
981548
981553
981555
981556
981557
981558
981571
981572
981573
981574
981576
981577
981581
981582
981583
981584
981585
981591
981592
981595
981602
981603
981604
981607
981610
981612
981632
981635
981636
981641
981642
981649
981672
981673
981674
981675
981676
981677
981679
981685
981691
981694
981695
981696
981711
981715
981722
981723
981724
981725
981727
981742
981743
981744
981753
981756
981763
981767
981768
981774
981802
981803
981806
981807
981808
981809
981816
981831
981838
981847
981851
981857
981860
981861
981862
981864
981871
981873
981877
981878
981884
981885
981888
981889
981890
981891
981892
981893
981898
981899
981903
981905
981906
981907
981908
981909
981910
981912
981914
981915
981916
981918
981919
981920
981921
981924
981926
981928
981929
981935
981936
981937
981942
981944
981958
981965
981970
981976
981981
981995
982042
982045
982056
982060
982061
982077
982078
982079
982080
982088
982099
982108
982109
982113
982115
982119
982120
982125
982128
982129
982130
982131
982133
982134
982136
982137
982147
982161
982164
982165
982166
982178
982181
982182
982184
982193
982197
982198
982200
982208
982215
982216
982217
982218
982219
982222
982223
982225
982239
982254
982268
982269
982270
982271
982274
982275
982276
982277
982278
982280
982289
982291
982296
982298
982302
982322
982336
982351
982353
982355
982357
982371
982373
982374
982382
982384
982385
982386
982387
982388
982390
982399
982400
982405
982406
982412
982413
982421
982430
982431
982432
982433
982446
982449
982458
982468
982469
982470
982476
982480
982481
982482
982483
982489
982495
982496
982505
982506
982513
982535
982537
982538
982539
982544
982545
982546
982547
982551
982554
982564
982565
982566
982573
982574
982577
982579
982580
982583
982585
982602
982613
982614
982617
982618
982629
982647
982649
982657
982674
982675
982678
982682
982691
982700
982706
982716
982717
982725
982726
982731
982737
982752
982761
982766
982767
982771
982773
982785
982786
982787
982792
982807
982815
982818
982821
982822
982827
982831
982832
982843
982844
982849
982850
982858
982877
982891
982895
982896
982897
982900
982901
982902
982903
982904
982910
982920
982934
982935
982940
982952
982955
982966
982979
982980
982990
982993
982999
983000
983008
983009
983012
983016
983017
983022
983054
983084
983086
983087
983088
983099
983105
983106
983107
983108
983118
983125
983129
983131
983132
983133
983134
983135
983137
983139
983140
983147
983149
983172
983176
983179
983181
983185
983186
983196
983223
983236
983237
983238
983244
983245
983246
983250
983251
983261
983262
983263
983264
983265
983266
983267
983268
983269
983270
983277
983295
983297
983305
983322
983323
983324
983325
983326
983327
983328
983329
983330
983342
983343
983348
983350
983351
983352
983353
983360
983365
983366
983367
983368
983396
983397
983409
983411
983418
983419
983420
983439
983440
983461
983468
983474
983479
983506
983531
983534
983572
983573
983616
983618
983652
983658
983706
983707
983747
983760
983782
983787
983793
983805
983817
983829
983833
983846
983872
983874
983911
983925
983940
983960
983961
983992
984026
984103
984104
984108
984113
984122
984132
984141
984148
984154
984162
984190
984194
984201
984202
984207
984213
984218
984219
984230
984232
984262
984271
984275
984276
984277
984286
984309
984319
984323
984333
984345
984346
984352
984388
984402
984422
984423
984424
984425
984426
984427
984441
984456
984483
984485
984511
984529
984551
984552
984553
984556
984575
984589
984591
984595
984596
984597
984629
984639
984645
984656
984658
984689
984690
984691
984692
984693
984695
984696
984701
984702
984703
984716
984737
984754
984760
984761
984771
984773
984774
984776
984796
984798
984811
984819
984832
984836
984843
984860
984861
984909
984913
984914
984926
984929
984947
984958
984963
984964
984966
984967
984968
984973
984974
984975
984982
984989
984990
984991
984994
984995
984998
984999
985000
985001
985002
985009
985028
985032
985033
985035
985044
985047
985048
985052
985054
985066
985069
985095
985127
985135
985141
985151
985180
985195
985199
985204
985217
985232
985236
985253
985261
985264
985265
985266
985267
985281
985289
985321
985338
985339
985340
985341
985342
985343
985344
985345
985346
985347
985348
985349
985350
985352
985366
985367
985368
985394
985401
985403
985404
985409
985410
985411
985412
985465
985467
985472
985474
985475
985476
985477
985495
985499
985500
985505
985506
985510
985526
985528
985567
985609
985612
985613
985615
985616
985618
985627
985640
985641
985646
985648
985661
985666
985667
985671
985673
985693
985694
985695
985697
985698
985706
985707
985708
985710
985711
985712
985713
985719
985721
985727
985736
985737
985738
985747
985749
985750
985751
985756
985760
985761
985762
985768
985769
985772
985773
985774
985775
985777
985778
985779
985780
985782
985783
985793
985803
985804
985809
985811
985812
985813
985820
985827
985828
985842
985843
985844
985849
985851
985853
985867
985869
985870
985871
985872
985873
985874
985875
985876
985878
985879
985880
985884
985885
985886
985895
985910
985918
985929
985960
985962
985963
985969
985982
985985
985986
985987
985988
985994
986000
986009
986012
986026
986036
986041
986046
986053
986061
986065
986066
986067
986068
986069
986070
986082
986084
986086
986091
986093
986096
986105
986106
986108
986134
986143
986165
986170
986189
986204
986220
986221
986225
986238
986239
986255
986285
986287
986297
986300
986302
986356
986361
986376
986403
986432
986466
986519
986537
986538
986570
986593
986595
986610
986628
986629
986635
986662
986664
986665
986670
986695
986699
986717
986734
986744
986747
986753
986767
986812
986821
986822
986823
986824
986856
986858
986862
986882
986903
986918
986927
986932
986942
986948
986952
986968
986983
986996
986999
987002
987013
987023
987041
987042
987043
987054
987055
987059
987067
987072
987099
987105
987125
987138
987149
987161
987165
987191
987192
987196
987200
987201
987203
987204
987205
987218
987226
987228
987247
987264
987285
987293
987294
987295
987296
987303
987304
987319
987341
987370
987371
987375
987386
987387
987388
987390
987398
987435
987464
987467
987489
987490
987510
987520
987526
987555
987563
987564
987565
987585
987609
987679
987680
987682
987691
987699
987702
987716
987717
987718
987719
987720
987721
987723
987731
987736
987757
987805
987810
987811
987821
987829
987856
987870
987882
987889
987919
987920
987930
987957
988007
988010
988031
988040
988059
988068
988093
988094
988097
988100
988121
988129
988138
988150
988151
988152
988153
988166
988199
988213
988218
988219
988231
988239
988254
988257
988282
988310
988317
988323
988326
988327
988330
988334
988388
988403
988405
988412
988415
988466
988476
988508
988511
988520
988522
988550
988574
988580
988585
988601
988605
988618
988648
988649
988653
988689
988690
988691
988697
988711
988712
988716
988726
988727
988728
988729
988755
988806
988840
988895
988897
988903
988914
988915
988916
988917
988926
988933
988942
988943
988944
988945
988946
988956
988958
988959
989009
989085
989104
989117
989118
989171
989181
989183
989198
989199
989201
989208
989209
989213
989223
989227
989253
989316
989337
989350
989351
989359
989383
989392
989492
989493
989500
989550
989556
989557
989563
989586
989612
989622
989628
989630
989640
989658
989696
989704
989711
989759
989783
989826
989842
989853
989908
989932
989980
990018
990032
990090
990097
990135
990141
990186
990191
990201
990242
990267
990268
990280
990284
990285
990295
990306
990307
990308
990313
990319
990320
990321
990322
990323
990341
990343
990353
990373
990377
990381
990402
990404
990420
990422
990432
990445
990446
990453
990488
990496
990502
990523
990537
990560
990570
990578
990589
990590
990591
990601
990607
990613
990614
990672
990716
990717
990739
990759
990768
990776
990779
990783
990787
990790
990791
990793
990809
990813
990829
990833
990844
990861
990868
990870
990890
990904
990906
990908
990930
990941
990958
990962
990989
991015
991016
991017
991025
991029
991030
991031
991033
991040
991064
991067
991068
991091
991097
991103
991104
991124
991135
991146
991147
991154
991159
991160
991161
991183
991236
991240
991255
991262
991387
991406
991419
991439
991462
991472
991478
991494
991497
991502
991504
991507
991508
991513
991515
991521
991530
991541
991566
991580
991588
991648
991657
991660
991662
991677
991722
991733
991744
991782
991935
991983
992011
992061
992086
992112
992146
992240
992290
992304
992515
992543
992673
992756
992761
992895
992924
992948
993037
993157
993188
993200
993204
993207
993291
993293
993295
993298
993342
993363
993415
993454
993460
993504
993510
993511
993557
993594
993596
993597
993609
993614
993674
993696
993697
993751
993760
993783
993784
993785
993792
993809
993825
993828
993842
993855
993860
993868
993869
993878
993891
993903
993937
993949
993960
993961
994001
994024
994051
994069
994092
994100
994118
994119
994201
994202
994219
994249
994255
994268
994279
994283
994298
994299
994327
994333
994357
994358
994359
994378
994383
994422
994431
994434
994474
994485
994486
994487
994516
994580
994581
994604
994605
994606
994607
994656
994662
994671
994717
994755
994782
994801
994813
994850
994891
994911
994914
994915
994922
994945
994965
994969
994977
994981
995028
995139
995140
995160
995176
995177
995181
995203
995216
995236
995242
995247
995292
995298
995335
995356
995373
995374
995375
995376
995377
995378
995386
995396
995405
995408
995409
995441
995444
995458
995495
995496
995507
995512
995569
995650
995658
995666
995668
995685
995688
995712
995721
995722
995752
995756
995777
995779
995780
995782
995863
995880
995904
995926
995929
995945
995957
995962
995984
995985
996045
996064
996107
996117
996125
996144
996154
996190
996200
996218
996228
996229
996230
996231
996233
996234
996235
996255
996260
996261
996262
996264
996265
996267
996272
996273
996274
996275
996295
996310
996313
996316
996340
996348
996387
996425
996427
996429
996430
996431
996433
996434
996454
996457
996492
996507
996510
996520
996524
996541
996542
996546
996557
996558
996559
996561
996565
996566
996574
996602
996603
996609
996628
996631
996638
996650
996660
996662
996663
996665
996666
996680
996686
996687
996688
996691
996692
996693
996694
996696
996702
996703
996708
996723
996724
996734
996741
996751
996812
996823
996830
996831
996845
996925
996933
996946
996948
996962
996988
997006
997035
997080
997092
997097
997101
997127
997148
997159
997165
997168
997177
997200
997225
997235
997244
997245
997253
997268
997269
997272
997280
997285
997320
997344
997356
997357
997370
997372
997396
997404
997428
997435
997436
997440
997441
997491
997497
997515
997523
997540
997571
997584
997590
997602
997608
997609
997610
997611
997613
997630
997682
997683
997684
997688
997699
997700
997706
997732
997735
997739
997767
997770
997803
997804
997841
997858
997859
997860
997875
997880
997881
997883
997904
997951
997952
997953
997954
997961
997964
997965
997970
997992
997993
998003
998024
998052
998068
998069
998071
998094
998121
998127
998140
998175
998176
998184
998185
998186
998194
998195
998198
998199
998206
998216
998231
998233
998235
998236
998258
998268
998276
998333
998348
998365
998366
998419
998442
998460
998464
998479
998493
998508
998512
998523
998531
998537
998546
998558
998559
998560
998588
998614
998634
998648
998654
998700
998712
998742
998750
998761
998762
998805
998817
998818
998849
998851
998866
998867
998868
998882
998885
998899
998944
998959
998960
998961
998962
998963
999035
999038
999054
999058
999064
999065
999066
999068
999070
999085
999086
999121
999127
999156
999157
999165
999167
999168
999169
999191
999200
999206
999210
999211
999226
999229
999237
999252
999253
999308
999335
999338
999346
999382
999383
999384
999392
999400
999403
999416
999468
999487
999488
999494
999500
999501
999516
999522
999523
999556
999562
999578
999586
999590
999592
999607
999617
999627
999636
999659
999666
999698
999702
999703
999720
999743
999757
999770
999785
999786
999812
999857
999873
999878
999882
999888
999895
999923
999932
999933
999949
999950
999965
999966
1000015
1000043
1000051
1000054
1000092
1000099
1000100
1000105
1000129
1000143
1000173
1000187
1000212
1000219
1000227
1000264
1000274
1000275
1000278
1000283
1000291
1000328
1000364
1000380
1000386
1000390
1000392
1000399
1000401
1000407
1000412
1000430
1000442
1000468
1000475
1000509
1000526
1000530
1000532
1000545
1000571
1000579
1000598
1000603
1000649
1000658
1000668
1000670
1000699
1000705
1000708
1000729
1000746
1000761
1000774
1000781
1000797
1000798
1000814
1000828
1000857
1000859
1000865
1000869
1000879
1000885
1000890
1000891
1000892
1000919
1000922
1000941
1000955
1000966
1000969
1000970
1001049
1001052
1001105
1001106
1001107
1001122
1001177
1001178
1001179
1001207
1001217
1001218
1001272
1001294
1001297
1001330
1001332
1001386
1001398
1001434
1001444
1001465
1001477
1001479
1001496
1001504
1001508
1001553
1001557
1001562
1001563
1001567
1001568
1001569
1001571
1001604
1001605
1001627
1001631
1001669
1001681
1001699
1001770
1001808
1001809
1001825
1001831
1001859
1001898
1001899
1001911
1001915
1001917
1001947
1001951
1001955
1001956
1001958
1001959
1001960
1001962
1001963
1001965
1001973
1001983
1001989
1002011
1002016
1002037
1002086
1002103
1002105
1002106
1002115
1002134
1002151
1002188
1002189
1002205
1002238
1002262
1002274
1002294
1002323
1002324
1002327
1002468
1002481
1002485
1002501
1002503
1002504
1002524
1002545
1002546
1002564
1002571
1002583
1002590
1002629
1002672
1002696
1002707
1002742
1002747
1002814
1002840
1002842
1002844
1002845
1002846
1002849
1002850
1002878
1002918
1002930
1002956
1002974
1002978
1002994
1003032
1003047
1003048
1003089
1003134
1003172
1003175
1003223
1003269
1003275
1003277
1003294
1003359
1003394
1003409
1003438
1003493
1003507
1003517
1003550
1003553
1003568
1003569
1003580
1003591
1003603
1003609
1003639
1003641
1003645
1003657
1003660
1003672
1003675
1003693
1003695
1003701
1003758
1003759
1003760
1003773
1003779
1003817
1003820
1003851
1003871
1003897
1003923
1003936
1003937
1003946
1003969
1003980
1003989
1003998
1004002
1004073
1004082
1004090
1004118
1004129
1004131
1004136
1004138
1004171
1004178
1004193
1004194
1004195
1004203
1004205
1004265
1004266
1004285
1004315
1004329
1004344
1004347
1004363
1004382
1004412
1004415
1004444
1004502
1004509
1004539
1004611
1004622
1004624
1004642
1004650
1004659
1004671
1004676
1004706
1004718
1004719
1004766
1004855
1004857
1004858
1004859
1004860
1004861
1004862
1004864
1004865
1004866
1004867
1004868
1004869
1004870
1004872
1004873
1004874
1004875
1004876
1004904
1004923
1004967
1004984
1004997
1005028
1005029
1005051
1005066
1005069
1005075
1005076
1005112
1005118
1005124
1005125
1005126
1005140
1005158
1005164
1005165
1005172
1005197
1005198
1005237
1005239
1005242
1005244
1005246
1005256
1005260
1005284
1005291
1005297
1005321
1005328
1005330
1005335
1005338
1005364
1005401
1005408
1005412
1005421
1005431
1005434
1005447
1005464
1005465
1005520
1005523
1005557
1005561
1005602
1005603
1005604
1005605
1005620
1005621
1005655
1005681
1005796
1005806
1005817
1005821
1005822
1005824
1005828
1005838
1005846
1005848
1005887
1005909
1005910
1005911
1005912
1005914
1005916
1005919
1005951
1005961
1005978
1005986
1005999
1006033
1006042
1006047
1006052
1006097
1006115
1006143
1006173
1006194
1006197
1006198
1006213
1006214
1006250
1006252
1006270
1006285
1006312
1006322
1006350
1006353
1006354
1006378
1006379
1006410
1006418
1006422
1006433
1006460
1006480
1006505
1006506
1006508
1006509
1006510
1006511
1006514
1006534
1006542
1006548
1006574
1006587
1006622
1006628
1006629
1006669
1006714
1006721
1006733
1006742
1006815
1006825
1006839
1006854
1006894
1006924
1006941
1006955
1006990
1007028
1007030
1007054
1007081
1007089
1007127
1007139
1007155
1007189
1007205
1007210
1007220
1007245
1007274
1007308
1007391
1007411
1007421
1007445
1007460
1007476
1007477
1007478
1007486
1007540
1007543
1007555
1007619
1007620
1007621
1007622
1007627
1007632
1007639
1007641
1007647
1007668
1007682
1007683
1007695
1007696
1007709
1007720
1007733
1007734
1007735
1007738
1007754
1007766
1007775
1007778
1007780
1007785
1007798
1007821
1007852
1007866
1007894
1007895
1007899
1007913
1007965
1007971
1007985
1008002
1008015
1008029
1008051
1008124
1008125
1008126
1008127
1008128
1008131
1008139
1008140
1008152
1008169
1008177
1008180
1008195
1008202
1008225
1008226
1008227
1008228
1008229
1008230
1008231
1008257
1008285
1008286
1008287
1008315
1008340
1008360
1008393
1008396
1008422
1008424
1008425
1008429
1008430
1008448
1008449
1008450
1008454
1008456
1008462
1008463
1008464
1008465
1008508
1008526
1008527
1008529
1008549
1008551
1008567
1008568
1008571
1008577
1008616
1008636
1008640
1008666
1008673
1008675
1008681
1008696
1008704
1008708
1008757
1008758
1008767
1008777
1008790
1008797
1008799
1008804
1008830
1008859
1008863
1008878
1008880
1008886
1008938
1008957
1008964
1008972
1008992
1009036
1009050
1009070
1009083
1009087
1009095
1009105
1009120
1009122
1009131
1009144
1009172
1009187
1009212
1009218
1009241
1009291
1009294
1009312
1009313
1009329
1009370
1009391
1009399
1009408
1009411
1009412
1009426
1009465
1009534
1009543
1009561
1009562
1009578
1009662
1009663
1009685
1009686
1009694
1009699
1009770
1009791
1009802
1009810
1009832
1009833
1009835
1009849
1009863
1009864
1009865
1009866
1009867
1009884
1009897
1009902
1009903
1009935
1009936
1009937
1009980
1009992
1009993
1010002
1010004
1010010
1010015
1010021
1010028
1010034
1010060
1010095
1010102
1010119
1010129
1010130
1010131
1010132
1010133
1010134
1010135
1010137
1010138
1010139
1010156
1010163
1010188
1010194
1010202
1010206
1010217
1010235
1010270
1010300
1010301
1010316
1010355
1010357
1010363
1010368
1010386
1010400
1010406
1010407
1010411
1010412
1010421
1010422
1010435
1010447
1010453
1010486
1010500
1010533
1010535
1010542
1010550
1010554
1010557
1010650
1010651
1010659
1010735
1010758
1010759
1010767
1010768
1010786
1010806
1010836
1010858
1010915
1010922
1010924
1010929
1010943
1010957
1010982
1010994
1011019
1011066
1011067
1011072
1011077
1011096
1011097
1011098
1011108
1011136
1011152
1011195
1011225
1011273
1011274
1011282
1011283
1011284
1011285
1011288
1011307
1011333
1011334
1011338
1011339
1011379
1011399
1011405
1011411
1011414
1011445
1011446
1011486
1011494
1011500
1011520
1011522
1011550
1011559
1011568
1011580
1011588
1011598
1011608
1011614
1011626
1011640
1011651
1011668
1011738
1011753
1011754
1011759
1011769
1011782
1011794
1011798
1011799
1011816
1011828
1011846
1011863
1011874
1011883
1011914
1011943
1011948
1011949
1011973
1012023
1012049
1012050
1012051
1012054
1012058
1012088
1012090
1012112
1012133
1012139
1012144
1012147
1012149
1012175
1012189
1012192
1012193
1012196
1012197
1012198
1012199
1012206
1012218
1012242
1012299
1012300
1012307
1012308
1012328
1012344
1012345
1012346
1012399
1012420
1012464
1012477
1012512
1012519
1012537
1012602
1012652
1012654
1012656
1012657
1012661
1012670
1012675
1012700
1012755
1012856
1012871
1012896
1012943
1012949
1012954
1012983
1012991
1012992
1012995
1013000
1013002
1013012
1013034
1013038
1013046
1013066
1013078
1013093
1013137
1013139
1013140
1013142
1013151
1013173
1013178
1013182
1013205
1013226
1013244
1013266
1013283
1013290
1013323
1013330
1013334
1013364
1013400
1013442
1013490
1013496
1013509
1013525
1013626
1013630
1013686
1013808
1013922
1013966
1013971
1013992
1013994
1013999
1014014
1014015
1014041
1014085
1014112
1014115
1014201
1014256
1014267
1014268
1014301
1014314
1014317
1014341
1014344
1014372
1014408
1014421
1014545
1014576
1014586
1014596
1014597
1014598
1014599
1014621
1014646
1014661
1014669
1014725
1014778
1014785
1014813
1014826
1014840
1014843
1014870
1014949
1015016
1015028
1015030
1015043
1015084
1015117
1015124
1015176
1015203
1015212
1015251
1015253
1015273
1015339
1015353
1015355
1015402
1015443
1015452
1015464
1015465
1015466
1015474
1015483
1015485
1015486
1015504
1015572
1015588
1015589
1015591
1015592
1015595
1015688
1015702
1015708
1015711
1015715
1015716
1015718
1015719
1015723
1015732
1015734
1015736
1015766
1015790
1015811
1015824
1015837
1015852
1015872
1015896
1015907
1015960
1015968
1015969
1015975
1015977
1015980
1015982
1015994
